M = 0.11166
Z = 0.08768
R = 0.08685
$ = 0.07031
! = 0.06782
Y = 0.06038
I = 0.05955
d = 0.05542
9 = 0.05128
P = 0.03639
h = 0.03143
G = 0.02812
V = 0.02647
W = 0.02399
F = 0.02316
C = 0.02316
S = 0.02151
> = 0.02151
- = 0.02068
L = 0.01654
K = 0.01654
Q = 0.01075
O = 0.00827
A = 0.00744
n = 0.00662
B = 0.00662
J = 0.00579
E = 0.00496
t = 0.00414
U = 0.00331
3 = 0.00165
